2.906053278436722
2.1547484510679378
2.1917068213381294
2.2825311560564594
2.340743723271884
2.4059595025205924
2.516206242506483
2.684794923127718
2.785556347655745
2.728929774214082
2.9247396565546957
3.000447981318725
3.0123413601150246
3.0646818416880426
3.11112815201801
3.2661253227519604
3.4219301800419983
3.444227642650526
3.434219481272091
3.6359650068021896
3.71408200176215
2.5776051320550932
1.980304731532557
1.9896213550320787
1.9530424517659144
2.1405329996324682
2.1549144414921844
2.272512017297914
2.25591323203406
2.7242993582043167
2.4258633356318184
2.5403912107644437
2.5891074757692407
2.6700134799120443
2.7344482540208457
2.8715013770293405
2.8482858131441153
2.9239303153286293
3.0230139728841827
3.0609918065958888
3.1485281920614456
3.2448868209683766
